00111100000000010000000000000001
00110100001000010000000000000000
00000000000000010100000000100000
00100000000010010000000000000010
00100000000010100000000000000000
00100000000000000000000000000000
00100001001010010000000000000001
00100001010010100000000000001000
00100000000000010000000000000100
00000001010000010101000000100010
00000000000000000101100000100111
00100000000000010000000000000100
00000001010000010101000000100010
00000000000000000110000000100111
00000001011011000110100000100000
00100001010010100000000000001000
00000001101000000110100000100111
00100000000000010000000000000100
00000001010000010101000000100010
00000001101000000000000000100111
00000001101010000111000000101010
00010001110000000000000000000010
00100001001010010000000000000001
00001000000100000000000000001000
00100000000000100000000000001010
00000000000000000000000000001100
